5000 10000000
9570929 4940
9570942 4081
9570955 3222
9570968 2363
9570981 1504
9570994 645
9571935 4510
9571948 3651
9571961 2792
9571974 1933
9571987 1074
9572000 215
9572929 4939
9572942 4080
9572955 3221
9572968 2362
9572981 1503
9572994 644
9573935 4509
9573948 3650
9573961 2791
9573974 1932
9573987 1073
9574000 214
9574929 4938
9574942 4079
9574955 3220
9574968 2361
9574981 1502
9574994 643
9575935 4508
9575948 3649
9575961 2790
9575974 1931
9575987 1072
9576000 213
9576929 4937
9576942 4078
9576955 3219
9576968 2360
9576981 1501
9576994 642
9577935 4507
9577948 3648
9577961 2789
9577974 1930
9577987 1071
9578000 212
9578929 4936
9578942 4077
9578955 3218
9578968 2359
9578981 1500
9578994 641
9579935 4506
9579948 3647
9579961 2788
9579974 1929
9579987 1070
9580000 211
9580929 4935
9580942 4076
9580955 3217
9580968 2358
9580981 1499
9580994 640
9581935 4505
9581948 3646
9581961 2787
9581974 1928
9581987 1069
9582000 210
9582929 4934
9582942 4075
9582955 3216
9582968 2357
9582981 1498
9582994 639
9583935 4504
9583948 3645
9583961 2786
9583974 1927
9583987 1068
9584000 209
9584929 4933
9584942 4074
9584955 3215
9584968 2356
9584981 1497
9584994 638
9585935 4503
9585948 3644
9585961 2785
9585974 1926
9585987 1067
9586000 208
9586929 4932
9586942 4073
9586955 3214
9586968 2355
9586981 1496
9586994 637
9587935 4502
9587948 3643
9587961 2784
9587974 1925
9587987 1066
9588000 207
9588929 4931
9588942 4072
9588955 3213
9588968 2354
9588981 1495
9588994 636
9589935 4501
9589948 3642
9589961 2783
9589974 1924
9589987 1065
9590000 206
9590929 4930
9590942 4071
9590955 3212
9590968 2353
9590981 1494
9590994 635
9591935 4500
9591948 3641
9591961 2782
9591974 1923
9591987 1064
9592000 205
9592929 4929
9592942 4070
9592955 3211
9592968 2352
9592981 1493
9592994 634
9593935 4499
9593948 3640
9593961 2781
9593974 1922
9593987 1063
9594000 204
9594929 4928
9594942 4069
9594955 3210
9594968 2351
9594981 1492
9594994 633
9595935 4498
9595948 3639
9595961 2780
9595974 1921
9595987 1062
9596000 203
9596929 4927
9596942 4068
9596955 3209
9596968 2350
9596981 1491
9596994 632
9597935 4497
9597948 3638
9597961 2779
9597974 1920
9597987 1061
9598000 202
9598929 4926
9598942 4067
9598955 3208
9598968 2349
9598981 1490
9598994 631
9599935 4496
9599948 3637
9599961 2778
9599974 1919
9599987 1060
9600000 201
9600929 4925
9600942 4066
9600955 3207
9600968 2348
9600981 1489
9600994 630
9601935 4495
9601948 3636
9601961 2777
9601974 1918
9601987 1059
9602000 200
9602929 4924
9602942 4065
9602955 3206
9602968 2347
9602981 1488
9602994 629
9603935 4494
9603948 3635
9603961 2776
9603974 1917
9603987 1058
9604000 199
9604929 4923
9604942 4064
9604955 3205
9604968 2346
9604981 1487
9604994 628
9605935 4493
9605948 3634
9605961 2775
9605974 1916
9605987 1057
9606000 198
9606929 4922
9606942 4063
9606955 3204
9606968 2345
9606981 1486
9606994 627
9607935 4492
9607948 3633
9607961 2774
9607974 1915
9607987 1056
9608000 197
9608929 4921
9608942 4062
9608955 3203
9608968 2344
9608981 1485
9608994 626
9609935 4491
9609948 3632
9609961 2773
9609974 1914
9609987 1055
9610000 196
9610929 4920
9610942 4061
9610955 3202
9610968 2343
9610981 1484
9610994 625
9611935 4490
9611948 3631
9611961 2772
9611974 1913
9611987 1054
9612000 195
9612929 4919
9612942 4060
9612955 3201
9612968 2342
9612981 1483
9612994 624
9613935 4489
9613948 3630
9613961 2771
9613974 1912
9613987 1053
9614000 194
9614929 4918
9614942 4059
9614955 3200
9614968 2341
9614981 1482
9614994 623
9615935 4488
9615948 3629
9615961 2770
9615974 1911
9615987 1052
9616000 193
9616929 4917
9616942 4058
9616955 3199
9616968 2340
9616981 1481
9616994 622
9617935 4487
9617948 3628
9617961 2769
9617974 1910
9617987 1051
9618000 192
9618929 4916
9618942 4057
9618955 3198
9618968 2339
9618981 1480
9618994 621
9619935 4486
9619948 3627
9619961 2768
9619974 1909
9619987 1050
9620000 191
9620929 4915
9620942 4056
9620955 3197
9620968 2338
9620981 1479
9620994 620
9621935 4485
9621948 3626
9621961 2767
9621974 1908
9621987 1049
9622000 190
9622929 4914
9622942 4055
9622955 3196
9622968 2337
9622981 1478
9622994 619
9623935 4484
9623948 3625
9623961 2766
9623974 1907
9623987 1048
9624000 189
9624929 4913
9624942 4054
9624955 3195
9624968 2336
9624981 1477
9624994 618
9625935 4483
9625948 3624
9625961 2765
9625974 1906
9625987 1047
9626000 188
9626929 4912
9626942 4053
9626955 3194
9626968 2335
9626981 1476
9626994 617
9627935 4482
9627948 3623
9627961 2764
9627974 1905
9627987 1046
9628000 187
9628929 4911
9628942 4052
9628955 3193
9628968 2334
9628981 1475
9628994 616
9629935 4481
9629948 3622
9629961 2763
9629974 1904
9629987 1045
9630000 186
9630929 4910
9630942 4051
9630955 3192
9630968 2333
9630981 1474
9630994 615
9631935 4480
9631948 3621
9631961 2762
9631974 1903
9631987 1044
9632000 185
9632929 4909
9632942 4050
9632955 3191
9632968 2332
9632981 1473
9632994 614
9633935 4479
9633948 3620
9633961 2761
9633974 1902
9633987 1043
9634000 184
9634929 4908
9634942 4049
9634955 3190
9634968 2331
9634981 1472
9634994 613
9635935 4478
9635948 3619
9635961 2760
9635974 1901
9635987 1042
9636000 183
9636929 4907
9636942 4048
9636955 3189
9636968 2330
9636981 1471
9636994 612
9637935 4477
9637948 3618
9637961 2759
9637974 1900
9637987 1041
9638000 182
9638929 4906
9638942 4047
9638955 3188
9638968 2329
9638981 1470
9638994 611
9639935 4476
9639948 3617
9639961 2758
9639974 1899
9639987 1040
9640000 181
9640929 4905
9640942 4046
9640955 3187
9640968 2328
9640981 1469
9640994 610
9641935 4475
9641948 3616
9641961 2757
9641974 1898
9641987 1039
9642000 180
9642929 4904
9642942 4045
9642955 3186
9642968 2327
9642981 1468
9642994 609
9643935 4474
9643948 3615
9643961 2756
9643974 1897
9643987 1038
9644000 179
9644929 4903
9644942 4044
9644955 3185
9644968 2326
9644981 1467
9644994 608
9645935 4473
9645948 3614
9645961 2755
9645974 1896
9645987 1037
9646000 178
9646929 4902
9646942 4043
9646955 3184
9646968 2325
9646981 1466
9646994 607
9647935 4472
9647948 3613
9647961 2754
9647974 1895
9647987 1036
9648000 177
9648929 4901
9648942 4042
9648955 3183
9648968 2324
9648981 1465
9648994 606
9649935 4471
9649948 3612
9649961 2753
9649974 1894
9649987 1035
9650000 176
9650929 4900
9650942 4041
9650955 3182
9650968 2323
9650981 1464
9650994 605
9651935 4470
9651948 3611
9651961 2752
9651974 1893
9651987 1034
9652000 175
9652929 4899
9652942 4040
9652955 3181
9652968 2322
9652981 1463
9652994 604
9653935 4469
9653948 3610
9653961 2751
9653974 1892
9653987 1033
9654000 174
9654929 4898
9654942 4039
9654955 3180
9654968 2321
9654981 1462
9654994 603
9655935 4468
9655948 3609
9655961 2750
9655974 1891
9655987 1032
9656000 173
9656929 4897
9656942 4038
9656955 3179
9656968 2320
9656981 1461
9656994 602
9657935 4467
9657948 3608
9657961 2749
9657974 1890
9657987 1031
9658000 172
9658929 4896
9658942 4037
9658955 3178
9658968 2319
9658981 1460
9658994 601
9659935 4466
9659948 3607
9659961 2748
9659974 1889
9659987 1030
9660000 171
9660929 4895
9660942 4036
9660955 3177
9660968 2318
9660981 1459
9660994 600
9661935 4465
9661948 3606
9661961 2747
9661974 1888
9661987 1029
9662000 170
9662929 4894
9662942 4035
9662955 3176
9662968 2317
9662981 1458
9662994 599
9663935 4464
9663948 3605
9663961 2746
9663974 1887
9663987 1028
9664000 169
9664929 4893
9664942 4034
9664955 3175
9664968 2316
9664981 1457
9664994 598
9665935 4463
9665948 3604
9665961 2745
9665974 1886
9665987 1027
9666000 168
9666929 4892
9666942 4033
9666955 3174
9666968 2315
9666981 1456
9666994 597
9667935 4462
9667948 3603
9667961 2744
9667974 1885
9667987 1026
9668000 167
9668929 4891
9668942 4032
9668955 3173
9668968 2314
9668981 1455
9668994 596
9669935 4461
9669948 3602
9669961 2743
9669974 1884
9669987 1025
9670000 166
9670929 4890
9670942 4031
9670955 3172
9670968 2313
9670981 1454
9670994 595
9671935 4460
9671948 3601
9671961 2742
9671974 1883
9671987 1024
9672000 165
9672929 4889
9672942 4030
9672955 3171
9672968 2312
9672981 1453
9672994 594
9673935 4459
9673948 3600
9673961 2741
9673974 1882
9673987 1023
9674000 164
9674929 4888
9674942 4029
9674955 3170
9674968 2311
9674981 1452
9674994 593
9675935 4458
9675948 3599
9675961 2740
9675974 1881
9675987 1022
9676000 163
9676929 4887
9676942 4028
9676955 3169
9676968 2310
9676981 1451
9676994 592
9677935 4457
9677948 3598
9677961 2739
9677974 1880
9677987 1021
9678000 162
9678929 4886
9678942 4027
9678955 3168
9678968 2309
9678981 1450
9678994 591
9679935 4456
9679948 3597
9679961 2738
9679974 1879
9679987 1020
9680000 161
9680929 4885
9680942 4026
9680955 3167
9680968 2308
9680981 1449
9680994 590
9681935 4455
9681948 3596
9681961 2737
9681974 1878
9681987 1019
9682000 160
9682929 4884
9682942 4025
9682955 3166
9682968 2307
9682981 1448
9682994 589
9683935 4454
9683948 3595
9683961 2736
9683974 1877
9683987 1018
9684000 159
9684929 4883
9684942 4024
9684955 3165
9684968 2306
9684981 1447
9684994 588
9685935 4453
9685948 3594
9685961 2735
9685974 1876
9685987 1017
9686000 158
9686929 4882
9686942 4023
9686955 3164
9686968 2305
9686981 1446
9686994 587
9687935 4452
9687948 3593
9687961 2734
9687974 1875
9687987 1016
9688000 157
9688929 4881
9688942 4022
9688955 3163
9688968 2304
9688981 1445
9688994 586
9689935 4451
9689948 3592
9689961 2733
9689974 1874
9689987 1015
9690000 156
9690929 4880
9690942 4021
9690955 3162
9690968 2303
9690981 1444
9690994 585
9691935 4450
9691948 3591
9691961 2732
9691974 1873
9691987 1014
9692000 155
9692929 4879
9692942 4020
9692955 3161
9692968 2302
9692981 1443
9692994 584
9693935 4449
9693948 3590
9693961 2731
9693974 1872
9693987 1013
9694000 154
9694929 4878
9694942 4019
9694955 3160
9694968 2301
9694981 1442
9694994 583
9695935 4448
9695948 3589
9695961 2730
9695974 1871
9695987 1012
9696000 153
9696929 4877
9696942 4018
9696955 3159
9696968 2300
9696981 1441
9696994 582
9697935 4447
9697948 3588
9697961 2729
9697974 1870
9697987 1011
9698000 152
9698929 4876
9698942 4017
9698955 3158
9698968 2299
9698981 1440
9698994 581
9699935 4446
9699948 3587
9699961 2728
9699974 1869
9699987 1010
9700000 151
9700929 4875
9700942 4016
9700955 3157
9700968 2298
9700981 1439
9700994 580
9701935 4445
9701948 3586
9701961 2727
9701974 1868
9701987 1009
9702000 150
9702929 4874
9702942 4015
9702955 3156
9702968 2297
9702981 1438
9702994 579
9703935 4444
9703948 3585
9703961 2726
9703974 1867
9703987 1008
9704000 149
9704929 4873
9704942 4014
9704955 3155
9704968 2296
9704981 1437
9704994 578
9705935 4443
9705948 3584
9705961 2725
9705974 1866
9705987 1007
9706000 148
9706929 4872
9706942 4013
9706955 3154
9706968 2295
9706981 1436
9706994 577
9707935 4442
9707948 3583
9707961 2724
9707974 1865
9707987 1006
9708000 147
9708929 4871
9708942 4012
9708955 3153
9708968 2294
9708981 1435
9708994 576
9709935 4441
9709948 3582
9709961 2723
9709974 1864
9709987 1005
9710000 146
9710929 4870
9710942 4011
9710955 3152
9710968 2293
9710981 1434
9710994 575
9711935 4440
9711948 3581
9711961 2722
9711974 1863
9711987 1004
9712000 145
9712929 4869
9712942 4010
9712955 3151
9712968 2292
9712981 1433
9712994 574
9713935 4439
9713948 3580
9713961 2721
9713974 1862
9713987 1003
9714000 144
9714929 4868
9714942 4009
9714955 3150
9714968 2291
9714981 1432
9714994 573
9715935 4438
9715948 3579
9715961 2720
9715974 1861
9715987 1002
9716000 143
9716929 4867
9716942 4008
9716955 3149
9716968 2290
9716981 1431
9716994 572
9717935 4437
9717948 3578
9717961 2719
9717974 1860
9717987 1001
9718000 142
9718929 4866
9718942 4007
9718955 3148
9718968 2289
9718981 1430
9718994 571
9719935 4436
9719948 3577
9719961 2718
9719974 1859
9719987 1000
9720000 141
9720929 4865
9720942 4006
9720955 3147
9720968 2288
9720981 1429
9720994 570
9721935 4435
9721948 3576
9721961 2717
9721974 1858
9721987 999
9722000 140
9722929 4864
9722942 4005
9722955 3146
9722968 2287
9722981 1428
9722994 569
9723935 4434
9723948 3575
9723961 2716
9723974 1857
9723987 998
9724000 139
9724929 4863
9724942 4004
9724955 3145
9724968 2286
9724981 1427
9724994 568
9725935 4433
9725948 3574
9725961 2715
9725974 1856
9725987 997
9726000 138
9726929 4862
9726942 4003
9726955 3144
9726968 2285
9726981 1426
9726994 567
9727935 4432
9727948 3573
9727961 2714
9727974 1855
9727987 996
9728000 137
9728929 4861
9728942 4002
9728955 3143
9728968 2284
9728981 1425
9728994 566
9729935 4431
9729948 3572
9729961 2713
9729974 1854
9729987 995
9730000 136
9730929 4860
9730942 4001
9730955 3142
9730968 2283
9730981 1424
9730994 565
9731935 4430
9731948 3571
9731961 2712
9731974 1853
9731987 994
9732000 135
9732929 4859
9732942 4000
9732955 3141
9732968 2282
9732981 1423
9732994 564
9733935 4429
9733948 3570
9733961 2711
9733974 1852
9733987 993
9734000 134
9734929 4858
9734942 3999
9734955 3140
9734968 2281
9734981 1422
9734994 563
9735935 4428
9735948 3569
9735961 2710
9735974 1851
9735987 992
9736000 133
9736929 4857
9736942 3998
9736955 3139
9736968 2280
9736981 1421
9736994 562
9737935 4427
9737948 3568
9737961 2709
9737974 1850
9737987 991
9738000 132
9738929 4856
9738942 3997
9738955 3138
9738968 2279
9738981 1420
9738994 561
9739935 4426
9739948 3567
9739961 2708
9739974 1849
9739987 990
9740000 131
9740929 4855
9740942 3996
9740955 3137
9740968 2278
9740981 1419
9740994 560
9741935 4425
9741948 3566
9741961 2707
9741974 1848
9741987 989
9742000 130
9742929 4854
9742942 3995
9742955 3136
9742968 2277
9742981 1418
9742994 559
9743935 4424
9743948 3565
9743961 2706
9743974 1847
9743987 988
9744000 129
9744929 4853
9744942 3994
9744955 3135
9744968 2276
9744981 1417
9744994 558
9745935 4423
9745948 3564
9745961 2705
9745974 1846
9745987 987
9746000 128
9746929 4852
9746942 3993
9746955 3134
9746968 2275
9746981 1416
9746994 557
9747935 4422
9747948 3563
9747961 2704
9747974 1845
9747987 986
9748000 127
9748929 4851
9748942 3992
9748955 3133
9748968 2274
9748981 1415
9748994 556
9749935 4421
9749948 3562
9749961 2703
9749974 1844
9749987 985
9750000 126
9750929 4850
9750942 3991
9750955 3132
9750968 2273
9750981 1414
9750994 555
9751935 4420
9751948 3561
9751961 2702
9751974 1843
9751987 984
9752000 125
9752929 4849
9752942 3990
9752955 3131
9752968 2272
9752981 1413
9752994 554
9753935 4419
9753948 3560
9753961 2701
9753974 1842
9753987 983
9754000 124
9754929 4848
9754942 3989
9754955 3130
9754968 2271
9754981 1412
9754994 553
9755935 4418
9755948 3559
9755961 2700
9755974 1841
9755987 982
9756000 123
9756929 4847
9756942 3988
9756955 3129
9756968 2270
9756981 1411
9756994 552
9757935 4417
9757948 3558
9757961 2699
9757974 1840
9757987 981
9758000 122
9758929 4846
9758942 3987
9758955 3128
9758968 2269
9758981 1410
9758994 551
9759935 4416
9759948 3557
9759961 2698
9759974 1839
9759987 980
9760000 121
9760929 4845
9760942 3986
9760955 3127
9760968 2268
9760981 1409
9760994 550
9761935 4415
9761948 3556
9761961 2697
9761974 1838
9761987 979
9762000 120
9762929 4844
9762942 3985
9762955 3126
9762968 2267
9762981 1408
9762994 549
9763935 4414
9763948 3555
9763961 2696
9763974 1837
9763987 978
9764000 119
9764929 4843
9764942 3984
9764955 3125
9764968 2266
9764981 1407
9764994 548
9765935 4413
9765948 3554
9765961 2695
9765974 1836
9765987 977
9766000 118
9766929 4842
9766942 3983
9766955 3124
9766968 2265
9766981 1406
9766994 547
9767935 4412
9767948 3553
9767961 2694
9767974 1835
9767987 976
9768000 117
9768929 4841
9768942 3982
9768955 3123
9768968 2264
9768981 1405
9768994 546
9769935 4411
9769948 3552
9769961 2693
9769974 1834
9769987 975
9770000 116
9770929 4840
9770942 3981
9770955 3122
9770968 2263
9770981 1404
9770994 545
9771935 4410
9771948 3551
9771961 2692
9771974 1833
9771987 974
9772000 115
9772929 4839
9772942 3980
9772955 3121
9772968 2262
9772981 1403
9772994 544
9773935 4409
9773948 3550
9773961 2691
9773974 1832
9773987 973
9774000 114
9774929 4838
9774942 3979
9774955 3120
9774968 2261
9774981 1402
9774994 543
9775935 4408
9775948 3549
9775961 2690
9775974 1831
9775987 972
9776000 113
9776929 4837
9776942 3978
9776955 3119
9776968 2260
9776981 1401
9776994 542
9777935 4407
9777948 3548
9777961 2689
9777974 1830
9777987 971
9778000 112
9778929 4836
9778942 3977
9778955 3118
9778968 2259
9778981 1400
9778994 541
9779935 4406
9779948 3547
9779961 2688
9779974 1829
9779987 970
9780000 111
9780929 4835
9780942 3976
9780955 3117
9780968 2258
9780981 1399
9780994 540
9781935 4405
9781948 3546
9781961 2687
9781974 1828
9781987 969
9782000 110
9782929 4834
9782942 3975
9782955 3116
9782968 2257
9782981 1398
9782994 539
9783935 4404
9783948 3545
9783961 2686
9783974 1827
9783987 968
9784000 109
9784929 4833
9784942 3974
9784955 3115
9784968 2256
9784981 1397
9784994 538
9785935 4403
9785948 3544
9785961 2685
9785974 1826
9785987 967
9786000 108
9786929 4832
9786942 3973
9786955 3114
9786968 2255
9786981 1396
9786994 537
9787935 4402
9787948 3543
9787961 2684
9787974 1825
9787987 966
9788000 107
9788929 4831
9788942 3972
9788955 3113
9788968 2254
9788981 1395
9788994 536
9789935 4401
9789948 3542
9789961 2683
9789974 1824
9789987 965
9790000 106
9790929 4830
9790942 3971
9790955 3112
9790968 2253
9790981 1394
9790994 535
9791935 4400
9791948 3541
9791961 2682
9791974 1823
9791987 964
9792000 105
9792929 4829
9792942 3970
9792955 3111
9792968 2252
9792981 1393
9792994 534
9793935 4399
9793948 3540
9793961 2681
9793974 1822
9793987 963
9794000 104
9794929 4828
9794942 3969
9794955 3110
9794968 2251
9794981 1392
9794994 533
9795935 4398
9795948 3539
9795961 2680
9795974 1821
9795987 962
9796000 103
9796929 4827
9796942 3968
9796955 3109
9796968 2250
9796981 1391
9796994 532
9797935 4397
9797948 3538
9797961 2679
9797974 1820
9797987 961
9798000 102
9798929 4826
9798942 3967
9798955 3108
9798968 2249
9798981 1390
9798994 531
9799935 4396
9799948 3537
9799961 2678
9799974 1819
9799987 960
9800000 101
9800929 4825
9800942 3966
9800955 3107
9800968 2248
9800981 1389
9800994 530
9801935 4395
9801948 3536
9801961 2677
9801974 1818
9801987 959
9802000 100
9802929 4824
9802942 3965
9802955 3106
9802968 2247
9802981 1388
9802994 529
9803935 4394
9803948 3535
9803961 2676
9803974 1817
9803987 958
9804000 99
9804929 4823
9804942 3964
9804955 3105
9804968 2246
9804981 1387
9804994 528
9805935 4393
9805948 3534
9805961 2675
9805974 1816
9805987 957
9806000 98
9806929 4822
9806942 3963
9806955 3104
9806968 2245
9806981 1386
9806994 527
9807935 4392
9807948 3533
9807961 2674
9807974 1815
9807987 956
9808000 97
9808929 4821
9808942 3962
9808955 3103
9808968 2244
9808981 1385
9808994 526
9809935 4391
9809948 3532
9809961 2673
9809974 1814
9809987 955
9810000 96
9810929 4820
9810942 3961
9810955 3102
9810968 2243
9810981 1384
9810994 525
9811935 4390
9811948 3531
9811961 2672
9811974 1813
9811987 954
9812000 95
9812929 4819
9812942 3960
9812955 3101
9812968 2242
9812981 1383
9812994 524
9813935 4389
9813948 3530
9813961 2671
9813974 1812
9813987 953
9814000 94
9814929 4818
9814942 3959
9814955 3100
9814968 2241
9814981 1382
9814994 523
9815935 4388
9815948 3529
9815961 2670
9815974 1811
9815987 952
9816000 93
9816929 4817
9816942 3958
9816955 3099
9816968 2240
9816981 1381
9816994 522
9817935 4387
9817948 3528
9817961 2669
9817974 1810
9817987 951
9818000 92
9818929 4816
9818942 3957
9818955 3098
9818968 2239
9818981 1380
9818994 521
9819935 4386
9819948 3527
9819961 2668
9819974 1809
9819987 950
9820000 91
9820929 4815
9820942 3956
9820955 3097
9820968 2238
9820981 1379
9820994 520
9821935 4385
9821948 3526
9821961 2667
9821974 1808
9821987 949
9822000 90
9822929 4814
9822942 3955
9822955 3096
9822968 2237
9822981 1378
9822994 519
9823935 4384
9823948 3525
9823961 2666
9823974 1807
9823987 948
9824000 89
9824929 4813
9824942 3954
9824955 3095
9824968 2236
9824981 1377
9824994 518
9825935 4383
9825948 3524
9825961 2665
9825974 1806
9825987 947
9826000 88
9826929 4812
9826942 3953
9826955 3094
9826968 2235
9826981 1376
9826994 517
9827935 4382
9827948 3523
9827961 2664
9827974 1805
9827987 946
9828000 87
9828929 4811
9828942 3952
9828955 3093
9828968 2234
9828981 1375
9828994 516
9829935 4381
9829948 3522
9829961 2663
9829974 1804
9829987 945
9830000 86
9830929 4810
9830942 3951
9830955 3092
9830968 2233
9830981 1374
9830994 515
9831935 4380
9831948 3521
9831961 2662
9831974 1803
9831987 944
9832000 85
9832929 4809
9832942 3950
9832955 3091
9832968 2232
9832981 1373
9832994 514
9833935 4379
9833948 3520
9833961 2661
9833974 1802
9833987 943
9834000 84
9834929 4808
9834942 3949
9834955 3090
9834968 2231
9834981 1372
9834994 513
9835935 4378
9835948 3519
9835961 2660
9835974 1801
9835987 942
9836000 83
9836929 4807
9836942 3948
9836955 3089
9836968 2230
9836981 1371
9836994 512
9837935 4377
9837948 3518
9837961 2659
9837974 1800
9837987 941
9838000 82
9838929 4806
9838942 3947
9838955 3088
9838968 2229
9838981 1370
9838994 511
9839935 4376
9839948 3517
9839961 2658
9839974 1799
9839987 940
9840000 81
9840929 4805
9840942 3946
9840955 3087
9840968 2228
9840981 1369
9840994 510
9841935 4375
9841948 3516
9841961 2657
9841974 1798
9841987 939
9842000 80
9842929 4804
9842942 3945
9842955 3086
9842968 2227
9842981 1368
9842994 509
9843935 4374
9843948 3515
9843961 2656
9843974 1797
9843987 938
9844000 79
9844929 4803
9844942 3944
9844955 3085
9844968 2226
9844981 1367
9844994 508
9845935 4373
9845948 3514
9845961 2655
9845974 1796
9845987 937
9846000 78
9846929 4802
9846942 3943
9846955 3084
9846968 2225
9846981 1366
9846994 507
9847935 4372
9847948 3513
9847961 2654
9847974 1795
9847987 936
9848000 77
9848929 4801
9848942 3942
9848955 3083
9848968 2224
9848981 1365
9848994 506
9849935 4371
9849948 3512
9849961 2653
9849974 1794
9849987 935
9850000 76
9850929 4800
9850942 3941
9850955 3082
9850968 2223
9850981 1364
9850994 505
9851935 4370
9851948 3511
9851961 2652
9851974 1793
9851987 934
9852000 75
9852929 4799
9852942 3940
9852955 3081
9852968 2222
9852981 1363
9852994 504
9853935 4369
9853948 3510
9853961 2651
9853974 1792
9853987 933
9854000 74
9854929 4798
9854942 3939
9854955 3080
9854968 2221
9854981 1362
9854994 503
9855935 4368
9855948 3509
9855961 2650
9855974 1791
9855987 932
9856000 73
9856929 4797
9856942 3938
9856955 3079
9856968 2220
9856981 1361
9856994 502
9857935 4367
9857948 3508
9857961 2649
9857974 1790
9857987 931
9858000 72
9858929 4796
9858942 3937
9858955 3078
9858968 2219
9858981 1360
9858994 501
9859935 4366
9859948 3507
9859961 2648
9859974 1789
9859987 930
9860000 71
9860929 4795
9860942 3936
9860955 3077
9860968 2218
9860981 1359
9860994 500
9861935 4365
9861948 3506
9861961 2647
9861974 1788
9861987 929
9862000 70
9862929 4794
9862942 3935
9862955 3076
9862968 2217
9862981 1358
9862994 499
9863935 4364
9863948 3505
9863961 2646
9863974 1787
9863987 928
9864000 69
9864929 4793
9864942 3934
9864955 3075
9864968 2216
9864981 1357
9864994 498
9865935 4363
9865948 3504
9865961 2645
9865974 1786
9865987 927
9866000 68
9866929 4792
9866942 3933
9866955 3074
9866968 2215
9866981 1356
9866994 497
9867935 4362
9867948 3503
9867961 2644
9867974 1785
9867987 926
9868000 67
9868929 4791
9868942 3932
9868955 3073
9868968 2214
9868981 1355
9868994 496
9869935 4361
9869948 3502
9869961 2643
9869974 1784
9869987 925
9870000 66
9870929 4790
9870942 3931
9870955 3072
9870968 2213
9870981 1354
9870994 495
9871935 4360
9871948 3501
9871961 2642
9871974 1783
9871987 924
9872000 65
9872929 4789
9872942 3930
9872955 3071
9872968 2212
9872981 1353
9872994 494
9873935 4359
9873948 3500
9873961 2641
9873974 1782
9873987 923
9874000 64
9874929 4788
9874942 3929
9874955 3070
9874968 2211
9874981 1352
9874994 493
9875935 4358
9875948 3499
9875961 2640
9875974 1781
9875987 922
9876000 63
9876929 4787
9876942 3928
9876955 3069
9876968 2210
9876981 1351
9876994 492
9877935 4357
9877948 3498
9877961 2639
9877974 1780
9877987 921
9878000 62
9878929 4786
9878942 3927
9878955 3068
9878968 2209
9878981 1350
9878994 491
9879935 4356
9879948 3497
9879961 2638
9879974 1779
9879987 920
9880000 61
9880929 4785
9880942 3926
9880955 3067
9880968 2208
9880981 1349
9880994 490
9881935 4355
9881948 3496
9881961 2637
9881974 1778
9881987 919
9882000 60
9882929 4784
9882942 3925
9882955 3066
9882968 2207
9882981 1348
9882994 489
9883935 4354
9883948 3495
9883961 2636
9883974 1777
9883987 918
9884000 59
9884929 4783
9884942 3924
9884955 3065
9884968 2206
9884981 1347
9884994 488
9885935 4353
9885948 3494
9885961 2635
9885974 1776
9885987 917
9886000 58
9886929 4782
9886942 3923
9886955 3064
9886968 2205
9886981 1346
9886994 487
9887935 4352
9887948 3493
9887961 2634
9887974 1775
9887987 916
9888000 57
9888929 4781
9888942 3922
9888955 3063
9888968 2204
9888981 1345
9888994 486
9889935 4351
9889948 3492
9889961 2633
9889974 1774
9889987 915
9890000 56
9890929 4780
9890942 3921
9890955 3062
9890968 2203
9890981 1344
9890994 485
9891935 4350
9891948 3491
9891961 2632
9891974 1773
9891987 914
9892000 55
9892929 4779
9892942 3920
9892955 3061
9892968 2202
9892981 1343
9892994 484
9893935 4349
9893948 3490
9893961 2631
9893974 1772
9893987 913
9894000 54
9894929 4778
9894942 3919
9894955 3060
9894968 2201
9894981 1342
9894994 483
9895935 4348
9895948 3489
9895961 2630
9895974 1771
9895987 912
9896000 53
9896929 4777
9896942 3918
9896955 3059
9896968 2200
9896981 1341
9896994 482
9897935 4347
9897948 3488
9897961 2629
9897974 1770
9897987 911
9898000 52
9898929 4776
9898942 3917
9898955 3058
9898968 2199
9898981 1340
9898994 481
9899935 4346
9899948 3487
9899961 2628
9899974 1769
9899987 910
9900000 51
9900929 4775
9900942 3916
9900955 3057
9900968 2198
9900981 1339
9900994 480
9901935 4345
9901948 3486
9901961 2627
9901974 1768
9901987 909
9902000 50
9902929 4774
9902942 3915
9902955 3056
9902968 2197
9902981 1338
9902994 479
9903935 4344
9903948 3485
9903961 2626
9903974 1767
9903987 908
9904000 49
9904929 4773
9904942 3914
9904955 3055
9904968 2196
9904981 1337
9904994 478
9905935 4343
9905948 3484
9905961 2625
9905974 1766
9905987 907
9906000 48
9906929 4772
9906942 3913
9906955 3054
9906968 2195
9906981 1336
9906994 477
9907935 4342
9907948 3483
9907961 2624
9907974 1765
9907987 906
9908000 47
9908929 4771
9908942 3912
9908955 3053
9908968 2194
9908981 1335
9908994 476
9909935 4341
9909948 3482
9909961 2623
9909974 1764
9909987 905
9910000 46
9910929 4770
9910942 3911
9910955 3052
9910968 2193
9910981 1334
9910994 475
9911935 4340
9911948 3481
9911961 2622
9911974 1763
9911987 904
9912000 45
9912929 4769
9912942 3910
9912955 3051
9912968 2192
9912981 1333
9912994 474
9913935 4339
9913948 3480
9913961 2621
9913974 1762
9913987 903
9914000 44
9914929 4768
9914942 3909
9914955 3050
9914968 2191
9914981 1332
9914994 473
9915935 4338
9915948 3479
9915961 2620
9915974 1761
9915987 902
9916000 43
9916929 4767
9916942 3908
9916955 3049
9916968 2190
9916981 1331
9916994 472
9917935 4337
9917948 3478
9917961 2619
9917974 1760
9917987 901
9918000 42
9918929 4766
9918942 3907
9918955 3048
9918968 2189
9918981 1330
9918994 471
9919935 4336
9919948 3477
9919961 2618
9919974 1759
9919987 900
9920000 41
9920929 4765
9920942 3906
9920955 3047
9920968 2188
9920981 1329
9920994 470
9921935 4335
9921948 3476
9921961 2617
9921974 1758
9921987 899
9922000 40
9922929 4764
9922942 3905
9922955 3046
9922968 2187
9922981 1328
9922994 469
9923935 4334
9923948 3475
9923961 2616
9923974 1757
9923987 898
9924000 39
9924929 4763
9924942 3904
9924955 3045
9924968 2186
9924981 1327
9924994 468
9925935 4333
9925948 3474
9925961 2615
9925974 1756
9925987 897
9926000 38
9926929 4762
9926942 3903
9926955 3044
9926968 2185
9926981 1326
9926994 467
9927935 4332
9927948 3473
9927961 2614
9927974 1755
9927987 896
9928000 37
9928929 4761
9928942 3902
9928955 3043
9928968 2184
9928981 1325
9928994 466
9929935 4331
9929948 3472
9929961 2613
9929974 1754
9929987 895
9930000 36
9930929 4760
9930942 3901
9930955 3042
9930968 2183
9930981 1324
9930994 465
9931935 4330
9931948 3471
9931961 2612
9931974 1753
9931987 894
9932000 35
9932929 4759
9932942 3900
9932955 3041
9932968 2182
9932981 1323
9932994 464
9933935 4329
9933948 3470
9933961 2611
9933974 1752
9933987 893
9934000 34
9934929 4758
9934942 3899
9934955 3040
9934968 2181
9934981 1322
9934994 463
9935935 4328
9935948 3469
9935961 2610
9935974 1751
9935987 892
9936000 33
9936929 4757
9936942 3898
9936955 3039
9936968 2180
9936981 1321
9936994 462
9937935 4327
9937948 3468
9937961 2609
9937974 1750
9937987 891
9938000 32
9938929 4756
9938942 3897
9938955 3038
9938968 2179
9938981 1320
9938994 461
9939935 4326
9939948 3467
9939961 2608
9939974 1749
9939987 890
9940000 31
9940929 4755
9940942 3896
9940955 3037
9940968 2178
9940981 1319
9940994 460
9941935 4325
9941948 3466
9941961 2607
9941974 1748
9941987 889
9942000 30
9942929 4754
9942942 3895
9942955 3036
9942968 2177
9942981 1318
9942994 459
9943935 4324
9943948 3465
9943961 2606
9943974 1747
9943987 888
9944000 29
9944929 4753
9944942 3894
9944955 3035
9944968 2176
9944981 1317
9944994 458
9945935 4323
9945948 3464
9945961 2605
9945974 1746
9945987 887
9946000 28
9946929 4752
9946942 3893
9946955 3034
9946968 2175
9946981 1316
9946994 457
9947935 4322
9947948 3463
9947961 2604
9947974 1745
9947987 886
9948000 27
9948929 4751
9948942 3892
9948955 3033
9948968 2174
9948981 1315
9948994 456
9949935 4321
9949948 3462
9949961 2603
9949974 1744
9949987 885
9950000 26
9950929 4750
9950942 3891
9950955 3032
9950968 2173
9950981 1314
9950994 455
9951935 4320
9951948 3461
9951961 2602
9951974 1743
9951987 884
9952000 25
9952929 4749
9952942 3890
9952955 3031
9952968 2172
9952981 1313
9952994 454
9953935 4319
9953948 3460
9953961 2601
9953974 1742
9953987 883
9954000 24
9954929 4748
9954942 3889
9954955 3030
9954968 2171
9954981 1312
9954994 453
9955935 4318
9955948 3459
9955961 2600
9955974 1741
9955987 882
9956000 23
9956929 4747
9956942 3888
9956955 3029
9956968 2170
9956981 1311
9956994 452
9957935 4317
9957948 3458
9957961 2599
9957974 1740
9957987 881
9958000 22
9958929 4746
9958942 3887
9958955 3028
9958968 2169
9958981 1310
9958994 451
9959935 4316
9959948 3457
9959961 2598
9959974 1739
9959987 880
9960000 21
9960929 4745
9960942 3886
9960955 3027
9960968 2168
9960981 1309
9960994 450
9961935 4315
9961948 3456
9961961 2597
9961974 1738
9961987 879
9962000 20
9962929 4744
9962942 3885
9962955 3026
9962968 2167
9962981 1308
9962994 449
9963935 4314
9963948 3455
9963961 2596
9963974 1737
9963987 878
9964000 19
9964929 4743
9964942 3884
9964955 3025
9964968 2166
9964981 1307
9964994 448
9965935 4313
9965948 3454
9965961 2595
9965974 1736
9965987 877
9966000 18
9966929 4742
9966942 3883
9966955 3024
9966968 2165
9966981 1306
9966994 447
9967935 4312
9967948 3453
9967961 2594
9967974 1735
9967987 876
9968000 17
9968929 4741
9968942 3882
9968955 3023
9968968 2164
9968981 1305
9968994 446
9969935 4311
9969948 3452
9969961 2593
9969974 1734
9969987 875
9970000 16
9970929 4740
9970942 3881
9970955 3022
9970968 2163
9970981 1304
9970994 445
9971935 4310
9971948 3451
9971961 2592
9971974 1733
9971987 874
9972000 15
9972929 4739
9972942 3880
9972955 3021
9972968 2162
9972981 1303
9972994 444
9973935 4309
9973948 3450
9973961 2591
9973974 1732
9973987 873
9974000 14
9974929 4738
9974942 3879
9974955 3020
9974968 2161
9974981 1302
9974994 443
9975935 4308
9975948 3449
9975961 2590
9975974 1731
9975987 872
9976000 13
9976929 4737
9976942 3878
9976955 3019
9976968 2160
9976981 1301
9976994 442
9977935 4307
9977948 3448
9977961 2589
9977974 1730
9977987 871
9978000 12
9978929 4736
9978942 3877
9978955 3018
9978968 2159
9978981 1300
9978994 441
9979935 4306
9979948 3447
9979961 2588
9979974 1729
9979987 870
9980000 11
9980929 4735
9980942 3876
9980955 3017
9980968 2158
9980981 1299
9980994 440
9981935 4305
9981948 3446
9981961 2587
9981974 1728
9981987 869
9982000 10
9982929 4734
9982942 3875
9982955 3016
9982968 2157
9982981 1298
9982994 439
9983935 4304
9983948 3445
9983961 2586
9983974 1727
9983987 868
9984000 9
9984929 4733
9984942 3874
9984955 3015
9984968 2156
9984981 1297
9984994 438
9985935 4303
9985948 3444
9985961 2585
9985974 1726
9985987 867
9986000 8
9986929 4732
9986942 3873
9986955 3014
9986968 2155
9986981 1296
9986994 437
9987935 4302
9987948 3443
9987961 2584
9987974 1725
9987987 866
9988000 7
9988929 4731
9988942 3872
9988955 3013
9988968 2154
9988981 1295
9988994 436
9989935 4301
9989948 3442
9989961 2583
9989974 1724
9989987 865
9990000 6
9990929 4730
9990942 3871
9990955 3012
9990968 2153
9990981 1294
9990994 435
9991935 4300
9991948 3441
9991961 2582
9991974 1723
9991987 864
9992000 5
9992929 4729
9992942 3870
9992955 3011
9992968 2152
9992981 1293
9992994 434
9993935 4299
9993948 3440
9993961 2581
9993974 1722
9993987 863
9994000 4
9994929 4728
9994942 3869
9994955 3010
9994968 2151
9994981 1292
9994994 433
9995935 4298
9995948 3439
9995961 2580
9995974 1721
9995987 862
9996000 3
9996929 4727
9996942 3868
9996955 3009
9996968 2150
9996981 1291
9996994 432
9997935 4297
9997948 3438
9997961 2579
9997974 1720
9997987 861
9998000 2
9998929 4726
9998942 3867
9998955 3008
9998968 2149
9998981 1290
9998994 431
9999935 4296
9999948 3437
9999961 2578
9999974 1719
9999987 860
10000000 1
10000928 4725
10000941 3866
10000954 3007
10000967 2148
10000980 1289
10000993 430
10001934 4295
10001947 3436
10001960 2577
10001973 1718
10001986 859
10002928 4724
10002941 3865
10002954 3006
10002967 2147
10002980 1288
10002993 429
10003934 4294
10003947 3435
10003960 2576
10003973 1717
10003986 858
10004928 4723
10004941 3864
10004954 3005
10004967 2146
10004980 1287
10004993 428
10005934 4293
10005947 3434
10005960 2575
10005973 1716
10005986 857
10006928 4722
10006941 3863
10006954 3004
10006967 2145
10006980 1286
10006993 427
10007934 4292
10007947 3433
10007960 2574
10007973 1715
10007986 856
10008928 4721
10008941 3862
10008954 3003
10008967 2144
10008980 1285
10008993 426
10009934 4291
10009947 3432
10009960 2573
10009973 1714
10009986 855
10010928 4720
10010941 3861
10010954 3002
10010967 2143
10010980 1284
10010993 425
10011934 4290
10011947 3431
10011960 2572
10011973 1713
10011986 854
10012928 4719
10012941 3860
10012954 3001
10012967 2142
10012980 1283
10012993 424
10013934 4289
10013947 3430
10013960 2571
10013973 1712
10013986 853
10014928 4718
10014941 3859
10014954 3000
10014967 2141
10014980 1282
10014993 423
10015934 4288
10015947 3429
10015960 2570
10015973 1711
10015986 852
10016928 4717
10016941 3858
10016954 2999
10016967 2140
10016980 1281
10016993 422
10017934 4287
10017947 3428
10017960 2569
10017973 1710
10017986 851
10018928 4716
10018941 3857
10018954 2998
10018967 2139
10018980 1280
10018993 421
10019934 4286
10019947 3427
10019960 2568
10019973 1709
10019986 850
10020928 4715
10020941 3856
10020954 2997
10020967 2138
10020980 1279
10020993 420
10021934 4285
10021947 3426
10021960 2567
10021973 1708
10021986 849
10022928 4714
10022941 3855
10022954 2996
10022967 2137
10022980 1278
10022993 419
10023934 4284
10023947 3425
10023960 2566
10023973 1707
10023986 848
10024928 4713
10024941 3854
10024954 2995
10024967 2136
10024980 1277
10024993 418
10025934 4283
10025947 3424
10025960 2565
10025973 1706
10025986 847
10026928 4712
10026941 3853
10026954 2994
10026967 2135
10026980 1276
10026993 417
10027934 4282
10027947 3423
10027960 2564
10027973 1705
10027986 846
10028928 4711
10028941 3852
10028954 2993
10028967 2134
10028980 1275
10028993 416
10029934 4281
10029947 3422
10029960 2563
10029973 1704
10029986 845
10030928 4710
10030941 3851
10030954 2992
10030967 2133
10030980 1274
10030993 415
10031934 4280
10031947 3421
10031960 2562
10031973 1703
10031986 844
10032928 4709
10032941 3850
10032954 2991
10032967 2132
10032980 1273
10032993 414
10033934 4279
10033947 3420
10033960 2561
10033973 1702
10033986 843
10034928 4708
10034941 3849
10034954 2990
10034967 2131
10034980 1272
10034993 413
10035934 4278
10035947 3419
10035960 2560
10035973 1701
10035986 842
10036928 4707
10036941 3848
10036954 2989
10036967 2130
10036980 1271
10036993 412
10037934 4277
10037947 3418
10037960 2559
10037973 1700
10037986 841
10038928 4706
10038941 3847
10038954 2988
10038967 2129
10038980 1270
10038993 411
10039934 4276
10039947 3417
10039960 2558
10039973 1699
10039986 840
10040928 4705
10040941 3846
10040954 2987
10040967 2128
10040980 1269
10040993 410
10041934 4275
10041947 3416
10041960 2557
10041973 1698
10041986 839
10042928 4704
10042941 3845
10042954 2986
10042967 2127
10042980 1268
10042993 409
10043934 4274
10043947 3415
10043960 2556
10043973 1697
10043986 838
10044928 4703
10044941 3844
10044954 2985
10044967 2126
10044980 1267
10044993 408
10045934 4273
10045947 3414
10045960 2555
10045973 1696
10045986 837
10046928 4702
10046941 3843
10046954 2984
10046967 2125
10046980 1266
10046993 407
10047934 4272
10047947 3413
10047960 2554
10047973 1695
10047986 836
10048928 4701
10048941 3842
10048954 2983
10048967 2124
10048980 1265
10048993 406
10049934 4271
10049947 3412
10049960 2553
10049973 1694
10049986 835
10050928 4700
10050941 3841
10050954 2982
10050967 2123
10050980 1264
10050993 405
10051934 4270
10051947 3411
10051960 2552
10051973 1693
10051986 834
10052928 4699
10052941 3840
10052954 2981
10052967 2122
10052980 1263
10052993 404
10053934 4269
10053947 3410
10053960 2551
10053973 1692
10053986 833
10054928 4698
10054941 3839
10054954 2980
10054967 2121
10054980 1262
10054993 403
10055934 4268
10055947 3409
10055960 2550
10055973 1691
10055986 832
10056928 4697
10056941 3838
10056954 2979
10056967 2120
10056980 1261
10056993 402
10057934 4267
10057947 3408
10057960 2549
10057973 1690
10057986 831
10058928 4696
10058941 3837
10058954 2978
10058967 2119
10058980 1260
10058993 401
10059934 4266
10059947 3407
10059960 2548
10059973 1689
10059986 830
10060928 4695
10060941 3836
10060954 2977
10060967 2118
10060980 1259
10060993 400
10061934 4265
10061947 3406
10061960 2547
10061973 1688
10061986 829
10062928 4694
10062941 3835
10062954 2976
10062967 2117
10062980 1258
10062993 399
10063934 4264
10063947 3405
10063960 2546
10063973 1687
10063986 828
10064928 4693
10064941 3834
10064954 2975
10064967 2116
10064980 1257
10064993 398
10065934 4263
10065947 3404
10065960 2545
10065973 1686
10065986 827
10066928 4692
10066941 3833
10066954 2974
10066967 2115
10066980 1256
10066993 397
10067934 4262
10067947 3403
10067960 2544
10067973 1685
10067986 826
10068928 4691
10068941 3832
10068954 2973
10068967 2114
10068980 1255
10068993 396
10069934 4261
10069947 3402
10069960 2543
10069973 1684
10069986 825
10070928 4690
10070941 3831
10070954 2972
10070967 2113
10070980 1254
10070993 395
10071934 4260
10071947 3401
10071960 2542
10071973 1683
10071986 824
10072928 4689
10072941 3830
10072954 2971
10072967 2112
10072980 1253
10072993 394
10073934 4259
10073947 3400
10073960 2541
10073973 1682
10073986 823
10074928 4688
10074941 3829
10074954 2970
10074967 2111
10074980 1252
10074993 393
10075934 4258
10075947 3399
10075960 2540
10075973 1681
10075986 822
10076928 4687
10076941 3828
10076954 2969
10076967 2110
10076980 1251
10076993 392
10077934 4257
10077947 3398
10077960 2539
10077973 1680
10077986 821
10078928 4686
10078941 3827
10078954 2968
10078967 2109
10078980 1250
10078993 391
10079934 4256
10079947 3397
10079960 2538
10079973 1679
10079986 820
10080928 4685
10080941 3826
10080954 2967
10080967 2108
10080980 1249
10080993 390
10081934 4255
10081947 3396
10081960 2537
10081973 1678
10081986 819
10082928 4684
10082941 3825
10082954 2966
10082967 2107
10082980 1248
10082993 389
10083934 4254
10083947 3395
10083960 2536
10083973 1677
10083986 818
10084928 4683
10084941 3824
10084954 2965
10084967 2106
10084980 1247
10084993 388
10085934 4253
10085947 3394
10085960 2535
10085973 1676
10085986 817
10086928 4682
10086941 3823
10086954 2964
10086967 2105
10086980 1246
10086993 387
10087934 4252
10087947 3393
10087960 2534
10087973 1675
10087986 816
10088928 4681
10088941 3822
10088954 2963
10088967 2104
10088980 1245
10088993 386
10089934 4251
10089947 3392
10089960 2533
10089973 1674
10089986 815
10090928 4680
10090941 3821
10090954 2962
10090967 2103
10090980 1244
10090993 385
10091934 4250
10091947 3391
10091960 2532
10091973 1673
10091986 814
10092928 4679
10092941 3820
10092954 2961
10092967 2102
10092980 1243
10092993 384
10093934 4249
10093947 3390
10093960 2531
10093973 1672
10093986 813
10094928 4678
10094941 3819
10094954 2960
10094967 2101
10094980 1242
10094993 383
10095934 4248
10095947 3389
10095960 2530
10095973 1671
10095986 812
10096928 4677
10096941 3818
10096954 2959
10096967 2100
10096980 1241
10096993 382
10097934 4247
10097947 3388
10097960 2529
10097973 1670
10097986 811
10098928 4676
10098941 3817
10098954 2958
10098967 2099
10098980 1240
10098993 381
10099934 4246
10099947 3387
10099960 2528
10099973 1669
10099986 810
10100928 4675
10100941 3816
10100954 2957
10100967 2098
10100980 1239
10100993 380
10101934 4245
10101947 3386
10101960 2527
10101973 1668
10101986 809
10102928 4674
10102941 3815
10102954 2956
10102967 2097
10102980 1238
10102993 379
10103934 4244
10103947 3385
10103960 2526
10103973 1667
10103986 808
10104928 4673
10104941 3814
10104954 2955
10104967 2096
10104980 1237
10104993 378
10105934 4243
10105947 3384
10105960 2525
10105973 1666
10105986 807
10106928 4672
10106941 3813
10106954 2954
10106967 2095
10106980 1236
10106993 377
10107934 4242
10107947 3383
10107960 2524
10107973 1665
10107986 806
10108928 4671
10108941 3812
10108954 2953
10108967 2094
10108980 1235
10108993 376
10109934 4241
10109947 3382
10109960 2523
10109973 1664
10109986 805
10110928 4670
10110941 3811
10110954 2952
10110967 2093
10110980 1234
10110993 375
10111934 4240
10111947 3381
10111960 2522
10111973 1663
10111986 804
10112928 4669
10112941 3810
10112954 2951
10112967 2092
10112980 1233
10112993 374
10113934 4239
10113947 3380
10113960 2521
10113973 1662
10113986 803
10114928 4668
10114941 3809
10114954 2950
10114967 2091
10114980 1232
10114993 373
10115934 4238
10115947 3379
10115960 2520
10115973 1661
10115986 802
10116928 4667
10116941 3808
10116954 2949
10116967 2090
10116980 1231
10116993 372
10117934 4237
10117947 3378
10117960 2519
10117973 1660
10117986 801
10118928 4666
10118941 3807
10118954 2948
10118967 2089
10118980 1230
10118993 371
10119934 4236
10119947 3377
10119960 2518
10119973 1659
10119986 800
10120928 4665
10120941 3806
10120954 2947
10120967 2088
10120980 1229
10120993 370
10121934 4235
10121947 3376
10121960 2517
10121973 1658
10121986 799
10122928 4664
10122941 3805
10122954 2946
10122967 2087
10122980 1228
10122993 369
10123934 4234
10123947 3375
10123960 2516
10123973 1657
10123986 798
10124928 4663
10124941 3804
10124954 2945
10124967 2086
10124980 1227
10124993 368
10125934 4233
10125947 3374
10125960 2515
10125973 1656
10125986 797
10126928 4662
10126941 3803
10126954 2944
10126967 2085
10126980 1226
10126993 367
10127934 4232
10127947 3373
10127960 2514
10127973 1655
10127986 796
10128928 4661
10128941 3802
10128954 2943
10128967 2084
10128980 1225
10128993 366
10129934 4231
10129947 3372
10129960 2513
10129973 1654
10129986 795
10130928 4660
10130941 3801
10130954 2942
10130967 2083
10130980 1224
10130993 365
10131934 4230
10131947 3371
10131960 2512
10131973 1653
10131986 794
10132928 4659
10132941 3800
10132954 2941
10132967 2082
10132980 1223
10132993 364
10133934 4229
10133947 3370
10133960 2511
10133973 1652
10133986 793
10134928 4658
10134941 3799
10134954 2940
10134967 2081
10134980 1222
10134993 363
10135934 4228
10135947 3369
10135960 2510
10135973 1651
10135986 792
10136928 4657
10136941 3798
10136954 2939
10136967 2080
10136980 1221
10136993 362
10137934 4227
10137947 3368
10137960 2509
10137973 1650
10137986 791
10138928 4656
10138941 3797
10138954 2938
10138967 2079
10138980 1220
10138993 361
10139934 4226
10139947 3367
10139960 2508
10139973 1649
10139986 790
10140928 4655
10140941 3796
10140954 2937
10140967 2078
10140980 1219
10140993 360
10141934 4225
10141947 3366
10141960 2507
10141973 1648
10141986 789
10142928 4654
10142941 3795
10142954 2936
10142967 2077
10142980 1218
10142993 359
10143934 4224
10143947 3365
10143960 2506
10143973 1647
10143986 788
10144928 4653
10144941 3794
10144954 2935
10144967 2076
10144980 1217
10144993 358
10145934 4223
10145947 3364
10145960 2505
10145973 1646
10145986 787
10146928 4652
10146941 3793
10146954 2934
10146967 2075
10146980 1216
10146993 357
10147934 4222
10147947 3363
10147960 2504
10147973 1645
10147986 786
10148928 4651
10148941 3792
10148954 2933
10148967 2074
10148980 1215
10148993 356
10149934 4221
10149947 3362
10149960 2503
10149973 1644
10149986 785
10150928 4650
10150941 3791
10150954 2932
10150967 2073
10150980 1214
10150993 355
10151934 4220
10151947 3361
10151960 2502
10151973 1643
10151986 784
10152928 4649
10152941 3790
10152954 2931
10152967 2072
10152980 1213
10152993 354
10153934 4219
10153947 3360
10153960 2501
10153973 1642
10153986 783
10154928 4648
10154941 3789
10154954 2930
10154967 2071
10154980 1212
10154993 353
10155934 4218
10155947 3359
10155960 2500
10155973 1641
10155986 782
10156928 4647
10156941 3788
10156954 2929
10156967 2070
10156980 1211
10156993 352
10157934 4217
10157947 3358
10157960 2499
10157973 1640
10157986 781
10158928 4646
10158941 3787
10158954 2928
10158967 2069
10158980 1210
10158993 351
10159934 4216
10159947 3357
10159960 2498
10159973 1639
10159986 780
10160928 4645
10160941 3786
10160954 2927
10160967 2068
10160980 1209
10160993 350
10161934 4215
10161947 3356
10161960 2497
10161973 1638
10161986 779
10162928 4644
10162941 3785
10162954 2926
10162967 2067
10162980 1208
10162993 349
10163934 4214
10163947 3355
10163960 2496
10163973 1637
10163986 778
10164928 4643
10164941 3784
10164954 2925
10164967 2066
10164980 1207
10164993 348
10165934 4213
10165947 3354
10165960 2495
10165973 1636
10165986 777
10166928 4642
10166941 3783
10166954 2924
10166967 2065
10166980 1206
10166993 347
10167934 4212
10167947 3353
10167960 2494
10167973 1635
10167986 776
10168928 4641
10168941 3782
10168954 2923
10168967 2064
10168980 1205
10168993 346
10169934 4211
10169947 3352
10169960 2493
10169973 1634
10169986 775
10170928 4640
10170941 3781
10170954 2922
10170967 2063
10170980 1204
10170993 345
10171934 4210
10171947 3351
10171960 2492
10171973 1633
10171986 774
10172928 4639
10172941 3780
10172954 2921
10172967 2062
10172980 1203
10172993 344
10173934 4209
10173947 3350
10173960 2491
10173973 1632
10173986 773
10174928 4638
10174941 3779
10174954 2920
10174967 2061
10174980 1202
10174993 343
10175934 4208
10175947 3349
10175960 2490
10175973 1631
10175986 772
10176928 4637
10176941 3778
10176954 2919
10176967 2060
10176980 1201
10176993 342
10177934 4207
10177947 3348
10177960 2489
10177973 1630
10177986 771
10178928 4636
10178941 3777
10178954 2918
10178967 2059
10178980 1200
10178993 341
10179934 4206
10179947 3347
10179960 2488
10179973 1629
10179986 770
10180928 4635
10180941 3776
10180954 2917
10180967 2058
10180980 1199
10180993 340
10181934 4205
10181947 3346
10181960 2487
10181973 1628
10181986 769
10182928 4634
10182941 3775
10182954 2916
10182967 2057
10182980 1198
10182993 339
10183934 4204
10183947 3345
10183960 2486
10183973 1627
10183986 768
10184928 4633
10184941 3774
10184954 2915
10184967 2056
10184980 1197
10184993 338
10185934 4203
10185947 3344
10185960 2485
10185973 1626
10185986 767
10186928 4632
10186941 3773
10186954 2914
10186967 2055
10186980 1196
10186993 337
10187934 4202
10187947 3343
10187960 2484
10187973 1625
10187986 766
10188928 4631
10188941 3772
10188954 2913
10188967 2054
10188980 1195
10188993 336
10189934 4201
10189947 3342
10189960 2483
10189973 1624
10189986 765
10190928 4630
10190941 3771
10190954 2912
10190967 2053
10190980 1194
10190993 335
10191934 4200
10191947 3341
10191960 2482
10191973 1623
10191986 764
10192928 4629
10192941 3770
10192954 2911
10192967 2052
10192980 1193
10192993 334
10193934 4199
10193947 3340
10193960 2481
10193973 1622
10193986 763
10194928 4628
10194941 3769
10194954 2910
10194967 2051
10194980 1192
10194993 333
10195934 4198
10195947 3339
10195960 2480
10195973 1621
10195986 762
10196928 4627
10196941 3768
10196954 2909
10196967 2050
10196980 1191
10196993 332
10197934 4197
10197947 3338
10197960 2479
10197973 1620
10197986 761
10198928 4626
10198941 3767
10198954 2908
10198967 2049
10198980 1190
10198993 331
10199934 4196
10199947 3337
10199960 2478
10199973 1619
10199986 760
10200928 4625
10200941 3766
10200954 2907
10200967 2048
10200980 1189
10200993 330
10201934 4195
10201947 3336
10201960 2477
10201973 1618
10201986 759
10202928 4624
10202941 3765
10202954 2906
10202967 2047
10202980 1188
10202993 329
10203934 4194
10203947 3335
10203960 2476
10203973 1617
10203986 758
10204928 4623
10204941 3764
10204954 2905
10204967 2046
10204980 1187
10204993 328
10205934 4193
10205947 3334
10205960 2475
10205973 1616
10205986 757
10206928 4622
10206941 3763
10206954 2904
10206967 2045
10206980 1186
10206993 327
10207934 4192
10207947 3333
10207960 2474
10207973 1615
10207986 756
10208928 4621
10208941 3762
10208954 2903
10208967 2044
10208980 1185
10208993 326
10209934 4191
10209947 3332
10209960 2473
10209973 1614
10209986 755
10210928 4620
10210941 3761
10210954 2902
10210967 2043
10210980 1184
10210993 325
10211934 4190
10211947 3331
10211960 2472
10211973 1613
10211986 754
10212928 4619
10212941 3760
10212954 2901
10212967 2042
10212980 1183
10212993 324
10213934 4189
10213947 3330
10213960 2471
10213973 1612
10213986 753
10214928 4618
10214941 3759
10214954 2900
10214967 2041
10214980 1182
10214993 323
10215934 4188
10215947 3329
10215960 2470
10215973 1611
10215986 752
10216928 4617
10216941 3758
10216954 2899
10216967 2040
10216980 1181
10216993 322
10217934 4187
10217947 3328
10217960 2469
10217973 1610
10217986 751
10218928 4616
10218941 3757
10218954 2898
10218967 2039
10218980 1180
10218993 321
10219934 4186
10219947 3327
10219960 2468
10219973 1609
10219986 750
10220928 4615
10220941 3756
10220954 2897
10220967 2038
10220980 1179
10220993 320
10221934 4185
10221947 3326
10221960 2467
10221973 1608
10221986 749
10222928 4614
10222941 3755
10222954 2896
10222967 2037
10222980 1178
10222993 319
10223934 4184
10223947 3325
10223960 2466
10223973 1607
10223986 748
10224928 4613
10224941 3754
10224954 2895
10224967 2036
10224980 1177
10224993 318
10225934 4183
10225947 3324
10225960 2465
10225973 1606
10225986 747
10226928 4612
10226941 3753
10226954 2894
10226967 2035
10226980 1176
10226993 317
10227934 4182
10227947 3323
10227960 2464
10227973 1605
10227986 746
10228928 4611
10228941 3752
10228954 2893
10228967 2034
10228980 1175
10228993 316
10229934 4181
10229947 3322
10229960 2463
10229973 1604
10229986 745
10230928 4610
10230941 3751
10230954 2892
10230967 2033
10230980 1174
10230993 315
10231934 4180
10231947 3321
10231960 2462
10231973 1603
10231986 744
10232928 4609
10232941 3750
10232954 2891
10232967 2032
10232980 1173
10232993 314
10233934 4179
10233947 3320
10233960 2461
10233973 1602
10233986 743
10234928 4608
10234941 3749
10234954 2890
10234967 2031
10234980 1172
10234993 313
10235934 4178
10235947 3319
10235960 2460
10235973 1601
10235986 742
10236928 4607
10236941 3748
10236954 2889
10236967 2030
10236980 1171
10236993 312
10237934 4177
10237947 3318
10237960 2459
10237973 1600
10237986 741
10238928 4606
10238941 3747
10238954 2888
10238967 2029
10238980 1170
10238993 311
10239934 4176
10239947 3317
10239960 2458
10239973 1599
10239986 740
10240928 4605
10240941 3746
10240954 2887
10240967 2028
10240980 1169
10240993 310
10241934 4175
10241947 3316
10241960 2457
10241973 1598
10241986 739
10242928 4604
10242941 3745
10242954 2886
10242967 2027
10242980 1168
10242993 309
10243934 4174
10243947 3315
10243960 2456
10243973 1597
10243986 738
10244928 4603
10244941 3744
10244954 2885
10244967 2026
10244980 1167
10244993 308
10245934 4173
10245947 3314
10245960 2455
10245973 1596
10245986 737
10246928 4602
10246941 3743
10246954 2884
10246967 2025
10246980 1166
10246993 307
10247934 4172
10247947 3313
10247960 2454
10247973 1595
10247986 736
10248928 4601
10248941 3742
10248954 2883
10248967 2024
10248980 1165
10248993 306
10249934 4171
10249947 3312
10249960 2453
10249973 1594
10249986 735
10250928 4600
10250941 3741
10250954 2882
10250967 2023
10250980 1164
10250993 305
10251934 4170
10251947 3311
10251960 2452
10251973 1593
10251986 734
10252928 4599
10252941 3740
10252954 2881
10252967 2022
10252980 1163
10252993 304
10253934 4169
10253947 3310
10253960 2451
10253973 1592
10253986 733
10254928 4598
10254941 3739
10254954 2880
10254967 2021
10254980 1162
10254993 303
10255934 4168
10255947 3309
10255960 2450
10255973 1591
10255986 732
10256928 4597
10256941 3738
10256954 2879
10256967 2020
10256980 1161
10256993 302
10257934 4167
10257947 3308
10257960 2449
10257973 1590
10257986 731
10258928 4596
10258941 3737
10258954 2878
10258967 2019
10258980 1160
10258993 301
10259934 4166
10259947 3307
10259960 2448
10259973 1589
10259986 730
10260928 4595
10260941 3736
10260954 2877
10260967 2018
10260980 1159
10260993 300
10261934 4165
10261947 3306
10261960 2447
10261973 1588
10261986 729
10262928 4594
10262941 3735
10262954 2876
10262967 2017
10262980 1158
10262993 299
10263934 4164
10263947 3305
10263960 2446
10263973 1587
10263986 728
10264928 4593
10264941 3734
10264954 2875
10264967 2016
10264980 1157
10264993 298
10265934 4163
10265947 3304
10265960 2445
10265973 1586
10265986 727
10266928 4592
10266941 3733
10266954 2874
10266967 2015
10266980 1156
10266993 297
10267934 4162
10267947 3303
10267960 2444
10267973 1585
10267986 726
10268928 4591
10268941 3732
10268954 2873
10268967 2014
10268980 1155
10268993 296
10269934 4161
10269947 3302
10269960 2443
10269973 1584
10269986 725
10270928 4590
10270941 3731
10270954 2872
10270967 2013
10270980 1154
10270993 295
10271934 4160
10271947 3301
10271960 2442
10271973 1583
10271986 724
10272928 4589
10272941 3730
10272954 2871
10272967 2012
10272980 1153
10272993 294
10273934 4159
10273947 3300
10273960 2441
10273973 1582
10273986 723
10274928 4588
10274941 3729
10274954 2870
10274967 2011
10274980 1152
10274993 293
10275934 4158
10275947 3299
10275960 2440
10275973 1581
10275986 722
10276928 4587
10276941 3728
10276954 2869
10276967 2010
10276980 1151
10276993 292
10277934 4157
10277947 3298
10277960 2439
10277973 1580
10277986 721
10278928 4586
10278941 3727
10278954 2868
10278967 2009
10278980 1150
10278993 291
10279934 4156
10279947 3297
10279960 2438
10279973 1579
10279986 720
10280928 4585
10280941 3726
10280954 2867
10280967 2008
10280980 1149
10280993 290
10281934 4155
10281947 3296
10281960 2437
10281973 1578
10281986 719
10282928 4584
10282941 3725
10282954 2866
10282967 2007
10282980 1148
10282993 289
10283934 4154
10283947 3295
10283960 2436
10283973 1577
10283986 718
10284928 4583
10284941 3724
10284954 2865
10284967 2006
10284980 1147
10284993 288
10285934 4153
10285947 3294
10285960 2435
10285973 1576
10285986 717
10286928 4582
10286941 3723
10286954 2864
10286967 2005
10286980 1146
10286993 287
10287934 4152
10287947 3293
10287960 2434
10287973 1575
10287986 716
10288928 4581
10288941 3722
10288954 2863
10288967 2004
10288980 1145
10288993 286
10289934 4151
10289947 3292
10289960 2433
10289973 1574
10289986 715
10290928 4580
10290941 3721
10290954 2862
10290967 2003
10290980 1144
10290993 285
10291934 4150
10291947 3291
10291960 2432
10291973 1573
10291986 714
10292928 4579
10292941 3720
10292954 2861
10292967 2002
10292980 1143
10292993 284
10293934 4149
10293947 3290
10293960 2431
10293973 1572
10293986 713
10294928 4578
10294941 3719
10294954 2860
10294967 2001
10294980 1142
10294993 283
10295934 4148
10295947 3289
10295960 2430
10295973 1571
10295986 712
10296928 4577
10296941 3718
10296954 2859
10296967 2000
10296980 1141
10296993 282
10297934 4147
10297947 3288
10297960 2429
10297973 1570
10297986 711
10298928 4576
10298941 3717
10298954 2858
10298967 1999
10298980 1140
10298993 281
10299934 4146
10299947 3287
10299960 2428
10299973 1569
10299986 710
10300928 4575
10300941 3716
10300954 2857
10300967 1998
10300980 1139
10300993 280
10301934 4145
10301947 3286
10301960 2427
10301973 1568
10301986 709
10302928 4574
10302941 3715
10302954 2856
10302967 1997
10302980 1138
10302993 279
10303934 4144
10303947 3285
10303960 2426
10303973 1567
10303986 708
10304928 4573
10304941 3714
10304954 2855
10304967 1996
10304980 1137
10304993 278
10305934 4143
10305947 3284
10305960 2425
10305973 1566
10305986 707
10306928 4572
10306941 3713
10306954 2854
10306967 1995
10306980 1136
10306993 277
10307934 4142
10307947 3283
10307960 2424
10307973 1565
10307986 706
10308928 4571
10308941 3712
10308954 2853
10308967 1994
10308980 1135
10308993 276
10309921 5000
10309934 4141
10309947 3282
10309960 2423
10309973 1564
10309986 705
10310928 4570
10310941 3711
10310954 2852
10310967 1993
10310980 1134
10310993 275
10311921 4999
10311934 4140
10311947 3281
10311960 2422
10311973 1563
10311986 704
10312928 4569
10312941 3710
10312954 2851
10312967 1992
10312980 1133
10312993 274
10313921 4998
10313934 4139
10313947 3280
10313960 2421
10313973 1562
10313986 703
10314928 4568
10314941 3709
10314954 2850
10314967 1991
10314980 1132
10314993 273
10315921 4997
10315934 4138
10315947 3279
10315960 2420
10315973 1561
10315986 702
10316928 4567
10316941 3708
10316954 2849
10316967 1990
10316980 1131
10316993 272
10317921 4996
10317934 4137
10317947 3278
10317960 2419
10317973 1560
10317986 701
10318928 4566
10318941 3707
10318954 2848
10318967 1989
10318980 1130
10318993 271
10319921 4995
10319934 4136
10319947 3277
10319960 2418
10319973 1559
10319986 700
10320928 4565
10320941 3706
10320954 2847
10320967 1988
10320980 1129
10320993 270
10321921 4994
10321934 4135
10321947 3276
10321960 2417
10321973 1558
10321986 699
10322928 4564
10322941 3705
10322954 2846
10322967 1987
10322980 1128
10322993 269
10323921 4993
10323934 4134
10323947 3275
10323960 2416
10323973 1557
10323986 698
10324928 4563
10324941 3704
10324954 2845
10324967 1986
10324980 1127
10324993 268
10325921 4992
10325934 4133
10325947 3274
10325960 2415
10325973 1556
10325986 697
10326928 4562
10326941 3703
10326954 2844
10326967 1985
10326980 1126
10326993 267
10327921 4991
10327934 4132
10327947 3273
10327960 2414
10327973 1555
10327986 696
10328928 4561
10328941 3702
10328954 2843
10328967 1984
10328980 1125
10328993 266
10329921 4990
10329934 4131
10329947 3272
10329960 2413
10329973 1554
10329986 695
10330928 4560
10330941 3701
10330954 2842
10330967 1983
10330980 1124
10330993 265
10331921 4989
10331934 4130
10331947 3271
10331960 2412
10331973 1553
10331986 694
10332928 4559
10332941 3700
10332954 2841
10332967 1982
10332980 1123
10332993 264
10333921 4988
10333934 4129
10333947 3270
10333960 2411
10333973 1552
10333986 693
10334928 4558
10334941 3699
10334954 2840
10334967 1981
10334980 1122
10334993 263
10335921 4987
10335934 4128
10335947 3269
10335960 2410
10335973 1551
10335986 692
10336928 4557
10336941 3698
10336954 2839
10336967 1980
10336980 1121
10336993 262
10337921 4986
10337934 4127
10337947 3268
10337960 2409
10337973 1550
10337986 691
10338928 4556
10338941 3697
10338954 2838
10338967 1979
10338980 1120
10338993 261
10339921 4985
10339934 4126
10339947 3267
10339960 2408
10339973 1549
10339986 690
10340928 4555
10340941 3696
10340954 2837
10340967 1978
10340980 1119
10340993 260
10341921 4984
10341934 4125
10341947 3266
10341960 2407
10341973 1548
10341986 689
10342928 4554
10342941 3695
10342954 2836
10342967 1977
10342980 1118
10342993 259
10343921 4983
10343934 4124
10343947 3265
10343960 2406
10343973 1547
10343986 688
10344928 4553
10344941 3694
10344954 2835
10344967 1976
10344980 1117
10344993 258
10345921 4982
10345934 4123
10345947 3264
10345960 2405
10345973 1546
10345986 687
10346928 4552
10346941 3693
10346954 2834
10346967 1975
10346980 1116
10346993 257
10347921 4981
10347934 4122
10347947 3263
10347960 2404
10347973 1545
10347986 686
10348928 4551
10348941 3692
10348954 2833
10348967 1974
10348980 1115
10348993 256
10349921 4980
10349934 4121
10349947 3262
10349960 2403
10349973 1544
10349986 685
10350928 4550
10350941 3691
10350954 2832
10350967 1973
10350980 1114
10350993 255
10351921 4979
10351934 4120
10351947 3261
10351960 2402
10351973 1543
10351986 684
10352928 4549
10352941 3690
10352954 2831
10352967 1972
10352980 1113
10352993 254
10353921 4978
10353934 4119
10353947 3260
10353960 2401
10353973 1542
10353986 683
10354928 4548
10354941 3689
10354954 2830
10354967 1971
10354980 1112
10354993 253
10355921 4977
10355934 4118
10355947 3259
10355960 2400
10355973 1541
10355986 682
10356928 4547
10356941 3688
10356954 2829
10356967 1970
10356980 1111
10356993 252
10357921 4976
10357934 4117
10357947 3258
10357960 2399
10357973 1540
10357986 681
10358928 4546
10358941 3687
10358954 2828
10358967 1969
10358980 1110
10358993 251
10359921 4975
10359934 4116
10359947 3257
10359960 2398
10359973 1539
10359986 680
10360928 4545
10360941 3686
10360954 2827
10360967 1968
10360980 1109
10360993 250
10361921 4974
10361934 4115
10361947 3256
10361960 2397
10361973 1538
10361986 679
10362928 4544
10362941 3685
10362954 2826
10362967 1967
10362980 1108
10362993 249
10363921 4973
10363934 4114
10363947 3255
10363960 2396
10363973 1537
10363986 678
10364928 4543
10364941 3684
10364954 2825
10364967 1966
10364980 1107
10364993 248
10365921 4972
10365934 4113
10365947 3254
10365960 2395
10365973 1536
10365986 677
10366928 4542
10366941 3683
10366954 2824
10366967 1965
10366980 1106
10366993 247
10367921 4971
10367934 4112
10367947 3253
10367960 2394
10367973 1535
10367986 676
10368928 4541
10368941 3682
10368954 2823
10368967 1964
10368980 1105
10368993 246
10369921 4970
10369934 4111
10369947 3252
10369960 2393
10369973 1534
10369986 675
10370928 4540
10370941 3681
10370954 2822
10370967 1963
10370980 1104
10370993 245
10371921 4969
10371934 4110
10371947 3251
10371960 2392
10371973 1533
10371986 674
10372928 4539
10372941 3680
10372954 2821
10372967 1962
10372980 1103
10372993 244
10373921 4968
10373934 4109
10373947 3250
10373960 2391
10373973 1532
10373986 673
10374928 4538
10374941 3679
10374954 2820
10374967 1961
10374980 1102
10374993 243
10375921 4967
10375934 4108
10375947 3249
10375960 2390
10375973 1531
10375986 672
10376928 4537
10376941 3678
10376954 2819
10376967 1960
10376980 1101
10376993 242
10377921 4966
10377934 4107
10377947 3248
10377960 2389
10377973 1530
10377986 671
10378928 4536
10378941 3677
10378954 2818
10378967 1959
10378980 1100
10378993 241
10379921 4965
10379934 4106
10379947 3247
10379960 2388
10379973 1529
10379986 670
10380928 4535
10380941 3676
10380954 2817
10380967 1958
10380980 1099
10380993 240
10381921 4964
10381934 4105
10381947 3246
10381960 2387
10381973 1528
10381986 669
10382928 4534
10382941 3675
10382954 2816
10382967 1957
10382980 1098
10382993 239
10383921 4963
10383934 4104
10383947 3245
10383960 2386
10383973 1527
10383986 668
10384928 4533
10384941 3674
10384954 2815
10384967 1956
10384980 1097
10384993 238
10385921 4962
10385934 4103
10385947 3244
10385960 2385
10385973 1526
10385986 667
10386928 4532
10386941 3673
10386954 2814
10386967 1955
10386980 1096
10386993 237
10387921 4961
10387934 4102
10387947 3243
10387960 2384
10387973 1525
10387986 666
10388928 4531
10388941 3672
10388954 2813
10388967 1954
10388980 1095
10388993 236
10389921 4960
10389934 4101
10389947 3242
10389960 2383
10389973 1524
10389986 665
10390928 4530
10390941 3671
10390954 2812
10390967 1953
10390980 1094
10390993 235
10391921 4959
10391934 4100
10391947 3241
10391960 2382
10391973 1523
10391986 664
10392928 4529
10392941 3670
10392954 2811
10392967 1952
10392980 1093
10392993 234
10393921 4958
10393934 4099
10393947 3240
10393960 2381
10393973 1522
10393986 663
10394928 4528
10394941 3669
10394954 2810
10394967 1951
10394980 1092
10394993 233
10395921 4957
10395934 4098
10395947 3239
10395960 2380
10395973 1521
10395986 662
10396928 4527
10396941 3668
10396954 2809
10396967 1950
10396980 1091
10396993 232
10397921 4956
10397934 4097
10397947 3238
10397960 2379
10397973 1520
10397986 661
10398928 4526
10398941 3667
10398954 2808
10398967 1949
10398980 1090
10398993 231
10399921 4955
10399934 4096
10399947 3237
10399960 2378
10399973 1519
10399986 660
10400928 4525
10400941 3666
10400954 2807
10400967 1948
10400980 1089
10400993 230
10401921 4954
10401934 4095
10401947 3236
10401960 2377
10401973 1518
10401986 659
10402928 4524
10402941 3665
10402954 2806
10402967 1947
10402980 1088
10402993 229
10403921 4953
10403934 4094
10403947 3235
10403960 2376
10403973 1517
10403986 658
10404928 4523
10404941 3664
10404954 2805
10404967 1946
10404980 1087
10404993 228
10405921 4952
10405934 4093
10405947 3234
10405960 2375
10405973 1516
10405986 657
10406928 4522
10406941 3663
10406954 2804
10406967 1945
10406980 1086
10406993 227
10407921 4951
10407934 4092
10407947 3233
10407960 2374
10407973 1515
10407986 656
10408928 4521
10408941 3662
10408954 2803
10408967 1944
10408980 1085
10408993 226
10409921 4950
10409934 4091
10409947 3232
10409960 2373
10409973 1514
10409986 655
10410928 4520
10410941 3661
10410954 2802
10410967 1943
10410980 1084
10410993 225
10411921 4949
10411934 4090
10411947 3231
10411960 2372
10411973 1513
10411986 654
10412928 4519
10412941 3660
10412954 2801
10412967 1942
10412980 1083
10412993 224
10413921 4948
10413934 4089
10413947 3230
10413960 2371
10413973 1512
10413986 653
10414928 4518
10414941 3659
10414954 2800
10414967 1941
10414980 1082
10414993 223
10415921 4947
10415934 4088
10415947 3229
10415960 2370
10415973 1511
10415986 652
10416928 4517
10416941 3658
10416954 2799
10416967 1940
10416980 1081
10416993 222
10417921 4946
10417934 4087
10417947 3228
10417960 2369
10417973 1510
10417986 651
10418928 4516
10418941 3657
10418954 2798
10418967 1939
10418980 1080
10418993 221
10419921 4945
10419934 4086
10419947 3227
10419960 2368
10419973 1509
10419986 650
10420928 4515
10420941 3656
10420954 2797
10420967 1938
10420980 1079
10420993 220
10421921 4944
10421934 4085
10421947 3226
10421960 2367
10421973 1508
10421986 649
10422928 4514
10422941 3655
10422954 2796
10422967 1937
10422980 1078
10422993 219
10423921 4943
10423934 4084
10423947 3225
10423960 2366
10423973 1507
10423986 648
10424928 4513
10424941 3654
10424954 2795
10424967 1936
10424980 1077
10424993 218
10425921 4942
10425934 4083
10425947 3224
10425960 2365
10425973 1506
10425986 647
10426928 4512
10426941 3653
10426954 2794
10426967 1935
10426980 1076
10426993 217
10427921 4941
10427934 4082
10427947 3223
10427960 2364
10427973 1505
10427986 646
10428928 4511
10428941 3652
10428954 2793
10428967 1934
10428980 1075
10428993 216
