100
4
916780028 298971402 617808626 584928893
4
203304870 477321193 274016323 871401302
6
552460720 293565564 296420652 256040070 258895158 549605637
6
921618828 802346609 119272219 397901320 523717508 517173539
6
651121841 559676993 418593990 928632823 141083003 510038838
5
454325154 256808866 996530919 739722053 542205765
4
952858541 977293116 857488524 95370017
5
335647907 891990451 556342544 855238115 519590208
6
374276945 326331220 700608165 516992842 183615323 190661622
4
140052401 994913870 386561423 526613824
4
743714505 555080648 188633857 931191646
4
644149052 84876265 177204767 262081034
4
108015817 734152412 842168229 987085958
4
907367029 622381791 602208302 20173489
4
602604866 936508720 358548425 244056441
4
625342546 829595269 204252723 488408715
4
350071975 670427355 502155762 852227741
4
698140639 901525285 513148839 716533485
4
652067830 841255759 33396487 618671343
4
271674796 753404203 989968128 481729407
4
562309041 34376455 668710237 596685496
6
338199281 253670862 982955267 813812824 729284405 84528419
4
244053761 450578918 990735636 784210474
4
408970370 852399016 264942305 673912675
4
748385347 518699172 777205185 229686175
4
517111035 694137199 616638106 594610128
4
993597196 687592604 306004585 859842671
5
685723584 999830909 206199985 793630924 891923569
6
699771339 521690705 503244284 178080634 18446421 196527055
4
390316249 385437850 408504483 413382882
4
932792944 609807470 795108335 472122861
4
201738941 984204014 269835311 471574252
4
621267055 965142183 343875135 787815973
4
478411117 385889196 895656376 864300313
4
867412226 641464170 36167616 677631790
4
276294077 714746650 806124029 438452576
4
517513321 682138332 851637715 334124394
4
237043897 908820619 671776722 809178159
7
494418747 388896181 54646159 883314928 937961087 549064906 443542340
5
821440218 815786672 5653546 215053871 209400325
4
409386948 67671641 623344848 555673207
4
809926671 260655868 828308576 549270803
4
822511581 243950303 257836504 501786807
4
697049721 934111237 629180636 304930605
4
623941501 356059070 703557474 347498404
4
287669605 621823138 334153533 911905333
5
999856841 119861860 879994981 892553986 772692126
5
941196278 261844675 541143387 138208216 802988062
5
48493643 318178187 262099834 366671830 56078353
5
786159150 308074888 664239702 738069224 429994336
4
697464393 477578903 407044443 884623357
5
742107536 725048207 17059329 934820135 917760806
4
965733698 956699031 379040166 586693532
5
161133936 650710410 811844346 443717341 604851277
4
969094395 658304550 310789846 776340043
6
624544518 432086928 307593402 500050992 192457590 124493526
4
359790182 914744011 858677015 554953823
4
839025276 532941713 384781266 917722979
4
629769760 946055675 706622806 316285915
4
350551524 610219807 873999728 960771331
4
986642660 218702198 767940462 533176534
5
638520579 350568820 90991076 259577744 989089399
4
953156442 996838251 10991674 942164768
4
107927246 61893174 442212532 380319358
4
454515889 995412976 540897087 894134786
4
737547344 916986158 455171770 282375574
4
913211005 188614866 724596139 871332899
6
58037857 25000595 83038452 376392027 401392622 434429884
4
526404888 861936033 318068513 844473401
5
558916218 764026112 205109894 642589123 847699017
4
149626750 299253500 448880250 598507000
4
916848603 774921884 880620346 36228257
5
537763671 49460412 668531953 619071541 587224083
5
138475382 859273504 796345501 997748889 657870119
4
134026622 937320189 803293567 934292684
4
540745570 730605456 460493271 650353157
4
753050802 55602431 697448364 675859080
5
421761421 576357337 527561913 998118758 105800492
4
400971326 742489669 341518343 894776946
4
867273849 845784385 330147925 537125924
5
845251196 85320932 261562799 930572128 346883731
5
173244374 929650288 101265696 828384592 274510070
4
412921807 872255704 459333897 866768205
6
913058960 497593135 415465825 380891620 796357445 878484755
4
949123947 445409201 668753672 503714746
4
331934376 338379307 224480716 113898593
4
921239781 228013484 812015871 565250873
4
359152835 550916801 191763966 836854834
4
932245392 361772072 520935163 882707235
4
694018708 923237753 800785790 571566745
4
696310726 130404400 565906326 602697722
5
996520795 498758872 886424501 608855160 387665627
4
356406107 471534152 905164393 115128049
6
427940564 244527685 929079197 745666318 684551512 501138633
4
535405267 755525443 177980743 933506186
5
406062285 770595708 82819863 488882144 853415562
7
480337017 204875464 685212481 213339479 676748466 8464015 471873002
4
835758732 265070181 244097078 509167259
4
380446323 880523935 601734909 221288586
6
941220961 198243760 137174760 880151961 742977201 335418520
